Class 1
Class Info: (1.1, 3.4), (2.1, 7.3), (5.2, 6.4)
2.9885915695706964, 6.730351002216356; 3.6687692461289565, 5.9872658941719985; 2.04865624174505, 4.31678238397736; 3.8721781104248727, 6.506839375546467; 1.8589781005463117, 4.47957882775902; 3.6817470402321097, 5.582333742050526; 3.9851246506782445, 6.735284080606073; 3.155627180445948, 6.561062540993802; 3.748292558080176, 5.363424114067191; 3.1832426604665023, 6.768502375945927; 3.682067731405608, 5.413866963243937; 2.075667366807226, 6.984991494516838; 3.6134135214789054, 5.866957776073609; 2.159670301014076, 4.569839435683548; 2.87138771419495, 5.195011694847848; 2.775444895474488, 5.222512892763905; 2.714518834209315, 4.628620947091483; 1.5096203544221085, 4.323140664855714; 2.1209130765585757, 5.262188259692635; 1.7282391695105261, 5.2634498689801585; 
Class 2
Class Info: (7.1, 2.1), (9.1, 6.4), (12.5, 2.2)
8.989904719049628, 3.3741549281803125; 9.567986196563574, 2.976855688261005; 9.059438053012375, 2.4642455040831166; 9.892253345577497, 3.279268518721867; 9.260366054876965, 4.805162718220419; 10.04406191070867, 2.784140471934081; 10.948926667598208, 2.9856947508969855; 9.173008198850336, 3.649552985741539; 9.134682111661231, 4.937037427147235; 11.059695146779571, 3.2181541018673743; 9.395804277804704, 5.012022336021367; 11.200829549895232, 3.4547721950319756; 9.700717154058802, 5.305543792789957; 9.625121197008543, 4.032620348980232; 8.696068360661574, 4.298561414914912; 8.806871701608717, 3.211291930849647; 9.032510370941951, 2.76275268561847; 9.338299557107758, 5.12404845689144; 10.390510233933686, 2.273395621523538; 10.693290689389379, 3.8556681303702875; 
Class 3
Class Info: (3.2, 18.1), (2.3, 13.1), (6.2, 18.2)
4.363539341537344, 16.80456714765908; 4.756293119066553, 16.39142614846639; 4.091126169750201, 15.694956365948135; 5.604748106407488, 18.06540589619103; 3.9479653871929696, 16.225651427043; 3.4278076664817125, 17.15108725186731; 4.759500607189704, 17.1826146799373; 3.805795405948478, 18.114227010067932; 3.787720652982176, 15.153101569451266; 3.794435500429082, 15.829057014347764; 2.9445520258434446, 14.738065617965924; 3.386750746058323, 15.12608464584276; 5.287365963289438, 17.862638000442505; 5.239451359488386, 17.966623262574338; 2.7804551276561775, 15.638342318318264; 2.747102496458222, 13.705246785129123; 4.578906235468823, 17.60511405421988; 4.380637689047383, 16.31448850433567; 4.176878842490469, 16.971580053399443; 4.495640309045975, 17.05056779025079; 
Class 4
Class Info: (7.6, 14.2), (12.2, 14.6), (12.8, 12.4)
12.437349558365483, 13.20109375058391; 10.600028179918406, 13.85743392346514; 9.854975003174811, 13.898512118895203; 10.297523160862578, 13.610283647907147; 12.470513358355245, 13.254804820512614; 9.495876183705864, 13.981745752434831; 11.212502625865351, 13.539372064573293; 8.719781584311352, 14.085751168173982; 8.321170760374923, 14.11026368232758; 12.372626996431098, 13.45605429914368; 11.252035389875179, 13.327415474301748; 10.629439997552078, 14.182966932543385; 10.559592195903727, 13.175547608785266; 12.494706996640545, 13.152127892557989; 10.825178126128527, 13.902555864654486; 10.2012768760443, 13.498722059147955; 12.045647389599358, 13.507929004529213; 8.813613528427823, 13.986621410436667; 9.51018270737941, 13.697459731064045; 12.121153995853348, 14.329203612664926; 
Class 5
Class Info: (5.1, 9.4), (6.5, 11.3), (8.2, 10.1)
6.95179302919568, 10.94538382380334; 7.161911718363456, 10.312210372824548; 5.8038843896025485, 10.115626657520389; 6.50140492032968, 10.213255977248181; 6.734773440046128, 9.915685837425247; 6.521749194757301, 10.904175122728443; 6.387082654647772, 10.31551288063741; 6.498502255059773, 11.114786407206903; 6.255027027444424, 10.369530437945492; 7.743288717416997, 10.203440267279852; 6.846085527924165, 10.540851322774476; 7.4724433386933935, 10.33507318913353; 7.340342425587713, 10.346423720398494; 6.796571424921307, 10.778523601987574; 6.377776374679955, 10.16591791338045; 5.808788975754079, 10.228498792306738; 6.504605968603788, 10.025265667292276; 7.156181166084859, 9.92321866643928; 6.515148122986328, 10.28697812185867; 6.026382327827377, 9.832759143005976; 
Class 6
Class Info: (7.3, 21.3), (9.1, 26.9), (10.1, 22.2)
9.494915037435259, 24.264577335341603; 8.710852947034176, 23.333819907790918; 9.361022311544982, 25.186696738726; 8.399199821250779, 21.87211099602725; 9.099836111474195, 24.43792949207445; 9.19971897865214, 25.6255845494168; 9.318196682963848, 25.374741991668834; 9.249158315392199, 22.386997436547222; 9.046275809247811, 25.159759684714068; 9.693851246501556, 22.59425001741876; 9.136584905687478, 24.547161857764742; 9.7121997039262, 23.98681457759397; 8.88217770735685, 23.78343947083449; 9.244706944589979, 25.454402346247004; 9.691023121722804, 22.419855392607943; 9.009727912282102, 23.744876718682818; 8.279844620311708, 23.787257754889982; 9.85927509629409, 22.587040671058702; 8.873717127705714, 23.77643326578594; 8.792823668254762, 21.84188511117027; 
Class 7
Class Info: (10.2, 20.3), (14.2, 21.1), (15.5, 16.5)
14.281013067883713, 20.18983505156426; 13.642751081553945, 20.90342915733705; 13.253096637202665, 19.881235506826087; 12.45260996492489, 20.038563530391528; 14.365638810686999, 17.3721732922326; 15.157797775292078, 17.520248482401136; 13.998509699095479, 20.750506037932965; 14.02296775219517, 17.600848573643738; 13.316769513073215, 20.828202134308295; 13.877950570812525, 20.148080785447178; 14.600908800351116, 17.849985359670313; 13.315937173927392, 19.680468673908074; 11.982646252660158, 20.192377105627557; 10.960066163873067, 20.058759733819457; 12.456347540784144, 19.38557479537578; 12.827630422775343, 19.185038213109905; 14.206618280099235, 19.500363573562073; 14.31956090192736, 18.447397207487093; 12.137000573672339, 20.098570784279612; 12.693501008882164, 20.466863449984725; 
